0
0
0
0
0
0
-1.65851e-07
3.72328e-07
-1.04589e-07
7.16571e-08
-8.05658e-07
5.17972e-08
1.31297e-06
1.09788e-06
-1.73344e-06
-3.6249e-06
3.83536e-07
7.09122e-06
7.78174e-06
-2.81455e-06
-1.19808e-05
-9.08717e-06
5.66293e-06
1.13676e-05
4.19165e-06
-7.78233e-06
-7.34735e-06
-1.3717e-06
-4.30964e-06
-1.30086e-05
-7.38198e-06
2.64564e-05
7.07073e-05
0.000101221
0.000104311
9.83177e-05
9.5445e-05
9.96602e-05
0.000108566
0.000121666
0.000147745
0.000180442
0.000206178
0.000205438
0.000185966
0.000170667
0.000184442
0.000222002
0.000256935
0.000273284
0.000278243
0.000288501
0.000300136
0.000294483
0.000272409
0.000262874
0.000294404
0.000357219
0.000407496
0.000410267
0.000377413
0.000352492
0.000371345
0.000419818
0.000464835
0.00047726
0.000471937
0.000470994
0.000481938
0.000487119
0.000477619
0.000467204
0.000469475
0.000483721
0.00048565
0.000474162
0.000458667
0.000458812
0.000462454
0.000454639
0.000436417
0.000434661
0.000468036
0.000525678
0.000565719
0.000572254
0.000560257
0.000564038
0.00059508
0.00063646
0.000669402
0.00068359
0.000676989
0.000654934
0.000635855
0.000650775
0.000700177
0.000754185
0.000769631
0.000757999
0.000765113
0.000823206
0.000900762
0.000951679
0.00095791
0.000948894
0.000951656
0.000958385
0.000954296
0.000944368
0.00094422
0.000961257
0.000972119
0.000966117
0.000949751
0.000948949
0.000974236
0.00102756
0.00109356
0.00116272
0.00121581
0.00124682
0.00125626
0.00125718
0.00124361
0.00121364
0.0011817
0.00118179
0.00122363
0.00127835
0.00130451
0.00130914
0.00133319
0.00139639
0.00146388
0.00148822
0.00146758
0.00145033
0.00147689
0.00154528
0.00161353
0.0016609
0.00169271
0.00173983
0.00181753
0.00191279
0.00200101
0.0020719
0.00213603
0.00220842
0.00227247
0.00230047
0.00228559
0.00225787
0.00225629
0.00227861
0.00229267
0.0022698
0.00222516
0.00218248
0.00216186
0.00215608
0.00216432
0.00218514
0.0022028
0.00219593
0.00215498
0.00211142
0.00211033
0.00216558
0.00225739
0.00233624
0.00237921
0.00238417
0.00238028
0.00239789
0.00245201
0.0025204
0.00256632
0.00256697
0.0025344
0.00250728
0.00250139
0.00250907
0.00250186
0.00246318
0.00238204
0.00226241
0.0021266
0.00200726
0.0019266
0.0018655
0.00180187
0.00173593
0.00170726
0.00173593
0.00178835
0.00181338
0.00180355
0.00181061
0.00187862
0.00199798
0.00211736
0.00220139
0.00226207
0.00231279
0.00236438
0.00240833
0.00244078
0.00245577
0.00243897
0.00237999
0.00229326
0.00219837
0.00210357
0.00199478
0.0018785
0.00178883
0.00176561
0.00180201
0.00185788
0.00190161
0.00194502
0.00201855
0.00212126
0.00222241
0.00228925
0.00232282
0.00235359
0.00241136
0.0025113
0.00263278
0.00274345
0.00280423
0.00280023
0.0027599
0.00273286
0.00274495
0.0027673
0.00273813
0.00263223
0.00249557
0.00240513
0.0023838
0.00238614
0.00234248
0.0022477
0.00215392
0.00211375
0.00212542
0.00214316
0.00213434
0.00210742
0.00208816
0.00210489
0.00216803
0.00228048
0.00242546
0.00255252
0.00261229
0.00259075
0.00254143
0.0025128
0.00249931
0.0024303
0.00227197
0.00207322
0.00192912
0.00188286
0.00189519
0.00190987
0.00191255
0.00191678
0.00191943
0.0018832
0.00180036
0.0017048
0.00165535
0.00166942
0.00172141
0.00176616
0.00178207
0.00178284
0.00180656
0.00188373
0.0020004
0.00210445
0.00213013
0.00207491
0.00200566
0.00201036
0.00211569
0.00225895
0.00235128
0.00236769
0.00235213
0.002368
0.0024157
0.00245215
0.00243202
0.00235032
0.00222995
0.00209921
0.00199459
0.00194406
0.00195169
0.00198468
0.00201705
0.00205074
0.00209968
0.00215657
0.00219235
0.00221549
0.00226573
0.00237553
0.00252214
0.0026578
0.0027769
0.00291524
0.00309687
0.00329313
0.00345566
0.00357187
0.00368267
0.00382555
0.0039985
0.00413601
0.00419122
0.00416055
0.00410344
0.0040685
0.00405678
0.00402558
0.00394696
0.00384206
0.0037611
0.00372233
0.00368674
0.0035995
0.00344718
0.00326786
0.00312692
0.00304778
0.00302244
0.00302488
0.00304712
0.00310607
0.00321195
0.00335653
0.00351791
0.00367618
0.00382526
0.00395313
0.00403011
0.00402558
0.0039215
0.00373928
0.00352103
0.00331282
0.00313547
0.00299363
0.00286209
0.00272406
0.00260178
0.00255061
0.00260883
0.00271611
0.00277576
0.00280299
0.00296419
0.0033419
0.00366395
0.00343271
0.0024278
0.00103567
-1.29729e-05
-0.000329406
-0.000123309
0.000105636
0.000105803
-1.96628e-05
-7.68799e-05
-3.51265e-05
1.33504e-05
1.33345e-05
-1.14286e-05
-2.04656e-05
-1.50908e-05
-8.09274e-06
0
0
0
0
0
0
0
0
0
0
0
0
0
0
0
0
0
0
0
0
0
0
0
0
0
0
0
0
0
0
0
0
0
0
0
0
0
0
0
0
0
0
0
0
0
0
0
0
0
-4.94066e-324
0
-nan
-nan
-nan
-nan
-nan
-nan
-nan
-nan
-nan
-nan
-nan
-nan
-nan
-nan
-nan
-nan
-nan
-nan
-nan
-nan
-nan
-nan
-nan
-nan
-nan
-nan
-nan
-nan
-nan
-nan
-nan
-nan
-nan
-nan
-nan
-nan
-nan
-nan
-nan
-2.31223e-321
0
0
0
0
0
0
-3.77781e-312
-2.85244e-312
-1.8128e+149
-2.14044e+178
-8.09471e+192
-6.11191e+192
8.93843e+192
2.23814e+193
-1.5274e+179
-5.10805e+193
-4.79413e+250
-3.61981e+250
5.29382e+250
1.32555e+251
-1.04659e+236
-3.02526e+251
-3.18176e+251
3.45351e+251
9.12074e+251
1.32556e+251
-1.67406e+252
-1.81306e+252
2.15162e+252
8.56926e+252
1.19446e+253
8.3671e+252
8.56066e+251
-3.12511e+252
5.88811e+251
8.18778e+252
1.20787e+253
8.8223e+252
2.14837e+252
-2.03945e+252
-1.78015e+252
3.1728e+251
1.06825e+252
1.0374e+251
-6.58472e+251
-7.21098e+250
8.59114e+251
1.65152e+251
-1.6137e+252
-1.58568e+252
2.38535e+252
8.17546e+252
1.10942e+253
8.25654e+252
2.38337e+252
-1.53391e+252
-1.45148e+252
1.27167e+251
3.39795e+251
-1.76549e+251
1.63284e+252
6.56006e+252
1.12995e+253
1.20307e+253
8.16712e+252
2.59841e+252
-1.66891e+252
-3.17941e+252
-1.33633e+252
3.29734e+252
8.49936e+252
1.0801e+253
8.17142e+252
2.71291e+252
-1.46225e+252
-2.09684e+252
-3.45624e+251
1.32797e+252
1.25277e+252
-3.36432e+251
-2.06568e+252
-1.51049e+252
2.60795e+252
8.26318e+252
1.10359e+253
8.31209e+252
2.4646e+252
-1.61453e+252
-1.83302e+252
-1.04966e+245
9.93124e+251
4.5511e+251
-3.33847e+251
-4.36596e+251
-3.61973e+250
2.3766e+251
2.07647e+251
-4.88648e+250
-3.56905e+251
-3.35208e+251
3.81541e+251
8.59117e+251
-3.06908e+236
-1.67402e+252
-1.5105e+252
2.42181e+252
8.18753e+252
1.10852e+253
8.36692e+252
2.53009e+252
-1.61453e+252
-1.83303e+252
-3.44882e+236
9.93127e+251
4.55111e+251
-3.33848e+251
-3.88657e+251
-1.40232e+236
1.84724e+251
7.50952e+250
-4.8865e+250
-5.43849e+250
-6.49793e+250
8.94703e+178
3.63721e+178
-2.36676e+178
-2.63411e+178
-3.14725e+178
-1.33185e-309
0
0
0
0
0
0
0
0
0
0
0
0
0
9.01336e-10
-1.3429e-09
-1.95469e-09
-2.18042e-10
9.0515e-09
7.57061e-09
-1.87942e-08
-3.81419e-08
1.42712e-08
1.10303e-07
6.61756e-08
-2.04652e-07
-3.67092e-07
7.19252e-08
8.31756e-07
6.89724e-07
-9.26783e-07
-2.17886e-06
-4.28418e-07
3.47073e-06
4.13158e-06
-1.86396e-06
-8.7941e-06
-5.79752e-06
8.6758e-06
2.00354e-05
1.20136e-05
-1.16324e-05
-2.70404e-05
-1.69264e-05
7.81401e-06
2.0567e-05
1.09035e-05
-6.02794e-06
-1.41596e-05
-1.843e-05
-3.04755e-05
-3.7803e-05
-4.7935e-06
8.70287e-05
0.000208102
0.000301599
0.000334543
0.000321721
0.000301551
0.000300681
0.000327334
0.000385319
0.000474436
0.000572614
0.000635113
0.000630626
0.000580683
0.000550078
0.000588395
0.000684349
0.000784276
0.000850797
0.000889882
0.00091923
0.000929227
0.000898018
0.000844225
0.000838664
0.000939146
0.00111434
0.00125393
0.00127048
0.0011889
0.00112363
0.00116565
0.00129936
0.00143253
0.00149526
0.00149612
0.0014866
0.00149339
0.00150143
0.00149332
0.00147995
0.00148203
0.00149619
0.00149835
0.00147879
0.00145528
0.00144387
0.00143185
0.00139874
0.0013612
0.00137455
0.00147504
0.0016279
0.00174971
0.00178718
0.00176755
0.00176848
0.00184354
0.00197726
0.00210187
0.00215093
0.00210825
0.00202473
0.00198822
0.00205637
0.00220201
0.00233253
0.00238087
0.00237873
0.00242516
0.00257787
0.00278781
0.0029504
0.00300972
0.00299695
0.00297447
0.00296851
0.00296734
0.00296394
0.00297226
0.00299913
0.00302201
0.0030124
0.00297765
0.00296849
0.00303965
0.0032038
0.00342131
0.0036311
0.00379089
0.00389218
0.00394156
0.00393647
0.00387097
0.0037692
0.00369765
0.00372026
0.00383369
0.00396459
0.00404798
0.00410137
0.0041991
0.00437004
0.00454402
0.00462176
0.00459176
0.00455477
0.00462295
0.00480825
0.00502317
0.0051854
0.00530307
0.00545154
0.00568083
0.00596442
0.00623937
0.00647775
0.00669935
0.00691702
0.00709279
0.00716938
0.00714267
0.00708263
0.00706864
0.00710998
0.00714154
0.00709658
0.00697325
0.00683052
0.00673442
0.00671603
0.00676548
0.00684117
0.00688228
0.00683866
0.00671668
0.00659858
0.00659592
0.00676159
0.00703837
0.00729662
0.00743303
0.00744695
0.00743255
0.00749588
0.00766646
0.00787467
0.00801182
0.00801969
0.00793276
0.00784075
0.00780979
0.00783024
0.00782593
0.00770842
0.00743678
0.00704752
0.00663461
0.00628578
0.00602222
0.00580146
0.00558802
0.00541463
0.00535407
0.00542518
0.00554877
0.00562155
0.00563166
0.00567936
0.00587207
0.00621039
0.00658727
0.00688992
0.00708831
0.00723006
0.00737154
0.00752285
0.00764543
0.00768503
0.00760947
0.00742773
0.00717748
0.0068891
0.00656471
0.00620416
0.00585253
0.00560224
0.00552647
0.00561076
0.00576709
0.00592294
0.00608615
0.00631158
0.00661199
0.00691981
0.0071448
0.00726466
0.00735443
0.00752722
0.00783994
0.00823952
0.00858972
0.00876349
0.0087396
0.00862418
0.00856262
0.00860377
0.00864506
0.00852918
0.0082103
0.00781826
0.00754189
0.00744613
0.00741667
0.00729045
0.00702894
0.0067501
0.00659827
0.00660223
0.00666486
0.00667235
0.00659854
0.00651733
0.00654177
0.00675126
0.00714031
0.00760195
0.00797043
0.00812519
0.00808241
0.00797097
0.00789119
0.00779803
0.00754934
0.00708074
0.00651271
0.00606391
0.0058642
0.00586894
0.0059448
0.00600051
0.00601551
0.00597587
0.00584128
0.0056005
0.0053328
0.00517346
0.00519967
0.00535688
0.00550777
0.00556103
0.00555798
0.00563473
0.00588827
0.00626298
0.00656837
0.00663269
0.00646686
0.0062797
0.00630908
0.00661498
0.00703195
0.00732837
0.00741244
0.00738527
0.00740669
0.00752654
0.00764454
0.0076127
0.00736401
0.00695878
0.00653603
0.006226
0.00608512
0.0060873
0.0061687
0.00628387
0.0064209
0.00657043
0.00670396
0.00680432
0.00691137
0.00710583
0.00743044
0.0078421
0.00826441
0.00868071
0.00914594
0.00969634
0.0102742
0.0107748
0.0111673
0.0115384
0.0119899
0.0125013
0.0129183
0.013092
0.0130234
0.0128584
0.0127395
0.012675
0.0125619
0.012327
0.0120236
0.0117743
0.0116282
0.0114927
0.0112206
0.0107607
0.0102167
0.00976076
0.00949645
0.00940832
0.0094258
0.00951563
0.00970429
0.0100257
0.0104674
0.0109734
0.0114849
0.0119606
0.012355
0.0125911
0.0125755
0.0122576
0.0116828
0.0109911
0.0103439
0.00982271
0.00938236
0.00892446
0.00844579
0.00809933
0.00805013
0.00825175
0.00844735
0.0084961
0.00866541
0.00940164
0.0106423
0.0114303
0.0104943
0.00744348
0.00337882
0.000159109
-0.00106498
-0.000639213
0.000173387
0.000420571
9.38533e-05
-0.00025808
-0.000275801
-7.17476e-05
6.12922e-05
1.54428e-05
-9.24824e-05
-0.000125707
-7.24539e-05
-6.9788e-06
1.75246e-05
8.15115e-06
-4.41128e-06
-5.62138e-06
-6.63343e-07
2.26158e-06
1.55427e-06
-6.6722e-08
-6.07478e-07
-2.12332e-07
2.25061e-07
2.8862e-07
1.61055e-07
5.96126e-08
0
0
0
0
0
0
0
0
0
0
0
0
0
0
0
0
0
0
0
0
0
0
-nan
-nan
-nan
-nan
-nan
-nan
-nan
-nan
-nan
-nan
-nan
-nan
-nan
-nan
-nan
-nan
-nan
-nan
-nan
-nan
-nan
-nan
-nan
-nan
-nan
-nan
-nan
-nan
-nan
-nan
-nan
-nan
-nan
-nan
-nan
-nan
-nan
-nan
-nan
-nan
-nan
-nan
-nan
-nan
-nan
-nan
-nan
-nan
-nan
-nan
-nan
-nan
-nan
-nan
-nan
-nan
-nan
-nan
-nan
-nan
-nan
-nan
-nan
-nan
-nan
-nan
-nan
-nan
-4.44991e+250
-2.65173e+251
-2.64952e+251
1.67682e+251
6.23136e+251
2.86488e+251
-9.03625e+251
-1.53461e+252
-7.68314e+250
2.55099e+252
2.76309e+252
-1.60906e+252
-6.72032e+252
-4.31109e+252
9.55996e+252
2.73792e+253
3.45851e+253
2.37262e+253
3.90856e+252
-6.31314e+252
3.0328e+252
2.30775e+253
3.48885e+253
2.80784e+253
9.70707e+252
-4.71893e+252
-6.92649e+252
-1.45944e+252
2.52501e+252
1.75939e+252
-9.72693e+250
2.49608e+251
8.74695e+251
-1.56793e+252
-5.11674e+252
-2.77015e+252
9.19091e+252
2.4657e+253
3.18778e+253
2.49052e+253
9.67421e+252
-2.25634e+252
-5.09018e+252
-2.47055e+252
-3.21756e+251
1.34385e+252
7.53879e+252
2.01357e+253
3.30686e+253
3.68781e+253
2.74187e+253
9.63167e+252
-6.29552e+252
-1.17322e+253
-4.16622e+252
1.18965e+253
2.71731e+253
3.25274e+253
2.47879e+253
9.31996e+252
-3.70616e+252
-7.06719e+252
-1.80639e+252
4.43617e+252
4.50291e+252
-1.8297e+252
-7.43223e+252
-4.04531e+252
9.72888e+252
2.58033e+253
3.26287e+253
2.51378e+253
9.28261e+252
-3.48696e+252
-6.35442e+252
-1.85122e+252
2.637e+252
2.69505e+252
-1.36722e+251
-1.86501e+252
-8.95369e+251
9.07365e+251
1.04249e+252
-6.02128e+251
-1.70171e+252
-3.56349e+251
2.17822e+252
2.26442e+252
-1.72191e+252
-5.85827e+252
-3.07339e+252
9.37404e+252
2.50066e+253
3.23998e+253
2.5557e+253
9.79826e+252
-3.27172e+252
-6.41556e+252
-1.99783e+252
2.55364e+252
2.78575e+252
1.45425e+251
-1.63098e+252
-1.0866e+252
3.30239e+251
8.33659e+251
2.52971e+251
-4.26235e+251
-5.20728e+251
-1.95252e+251
7.39531e+250
9.94813e+250
9.7688e+249
-3.92493e+250
-2.31614e+250
5.58573e+249
1.28558e+250
4.31859e+249
-3.10969e+249
-3.37669e+249
-5.03807e+248
1.05519e+249
8.01219e+248
4.7865e+248
-1.63549e+177
-2.44017e+176
5.11078e+176
3.88067e+176
2.31832e+176
-2.66851e-08
2.05119e-08
8.30027e-08
3.87988e-08
-1.43261e-07
-2.30003e-07
6.69344e-08
5.44367e-07
4.24421e-07
-6.51535e-07
-1.54047e-06
-4.45588e-07
2.31593e-06
3.2298e-06
-6.10219e-07
-6.08268e-06
-5.27662e-06
4.50484e-06
1.32629e-05
6.82914e-06
-1.3568e-05
-2.5242e-05
-6.60894e-06
3.24684e-05
5.20592e-05
2.32357e-05
-3.4603e-05
-6.80972e-05
-4.56661e-05
8.75801e-06
4.39989e-05
3.61438e-05
2.53478e-06
-3.47268e-05
-7.63572e-05
-0.000119879
-0.000117781
6.75315e-06
0.000282161
0.000633308
0.000921929
0.00105089
0.00103046
0.000953076
0.000921417
0.00100116
0.00121021
0.00151103
0.00180467
0.00196897
0.00194877
0.00182141
0.00175145
0.0018572
0.00211851
0.00241801
0.0026585
0.00281903
0.0029045
0.00289007
0.00276417
0.00262161
0.00265235
0.00297636
0.00348289
0.00387884
0.00394218
0.00373653
0.00355783
0.0036589
0.00402947
0.00444088
0.00467992
0.00471819
0.00467203
0.00464774
0.00465781
0.00466548
0.00465844
0.00465388
0.00465625
0.00464677
0.00461582
0.00457643
0.00453148
0.00445354
0.00433248
0.00424168
0.00431599
0.00462567
0.00507214
0.00543908
0.00557513
0.00553466
0.00553311
0.0057519
0.00617007
0.00657173
0.00672354
0.00657486
0.0063139
0.00622427
0.00645192
0.00688351
0.00725708
0.00741405
0.0074519
0.007621
0.00806608
0.00867577
0.00918684
0.009421
0.00940959
0.00931026
0.00924552
0.00923827
0.00926596
0.00931908
0.00938755
0.00942661
0.00938729
0.00929706
0.00928736
0.00950906
0.0100057
0.0106703
0.0113259
0.0118436
0.0121821
0.0123365
0.0122919
0.0120605
0.0117551
0.0115738
0.0116619
0.0119794
0.0123401
0.0126057
0.0128291
0.0131704
0.0136705
0.0141508
0.0143801
0.0143376
0.014272
0.0144723
0.0149951
0.0156387
0.0161804
0.0166041
0.017081
0.0177562
0.0185996
0.0194672
0.0202625
0.0209882
0.0216467
0.022149
0.0223759
0.0223289
0.0221777
0.0221228
0.0222092
0.0222893
0.0221738
0.0218157
0.0213572
0.0210196
0.0209481
0.0211253
0.0213843
0.0215021
0.0213359
0.0209434
0.0205915
0.0206035
0.0211218
0.0219732
0.0227726
0.0232059
0.0232638
0.0232294
0.023428
0.0239538
0.0245989
0.0250324
0.0250688
0.0248017
0.0245057
0.0244007
0.0244693
0.0244635
0.0240869
0.0232163
0.0219942
0.0207223
0.0196418
0.0187894
0.018057
0.0173878
0.0168901
0.0167322
0.0169264
0.0172589
0.017479
0.0175616
0.0177556
0.0183448
0.0193597
0.0205302
0.0215153
0.0221723
0.0226144
0.023037
0.0235057
0.0238984
0.0240238
0.0237813
0.0232177
0.0224473
0.0215376
0.0204901
0.0193399
0.0182567
0.017505
0.0172646
0.0174865
0.0179451
0.01845
0.0190009
0.0197188
0.0206351
0.0215766
0.0222886
0.0226861
0.022977
0.0235174
0.0245043
0.0257693
0.0268629
0.0273857
0.027304
0.0269718
0.0268131
0.0269305
0.0270042
0.0266048
0.0256359
0.0244677
0.0236121
0.0232524
0.0230994
0.0227134
0.0219546
0.0211101
0.020595
0.0205546
0.0207541
0.0208268
0.02062
0.0203356
0.0203797
0.0210564
0.0223235
0.0237753
0.0248821
0.0253377
0.0252458
0.0249619
0.0247105
0.0243468
0.0235207
0.0220974
0.0203976
0.018999
0.0182952
0.0182457
0.0185115
0.0187635
0.0188344
0.0186526
0.0181657
0.0174116
0.0166251
0.0161629
0.016234
0.0166934
0.0171489
0.0173242
0.0173386
0.0176056
0.0184129
0.0195701
0.0204896
0.0206742
0.0201868
0.0196534
0.0197579
0.0206711
0.0219301
0.0228695
0.0231885
0.023134
0.0231718
0.023499
0.023858
0.023785
0.0230257
0.0217474
0.0204057
0.0194275
0.0189806
0.0189759
0.0192307
0.0196133
0.0200571
0.0204991
0.0208713
0.0211808
0.0215664
0.0222172
0.0232078
0.0244349
0.0257466
0.027116
0.02864
0.0303522
0.0320911
0.0336219
0.0348972
0.0361335
0.037563
0.0391071
0.0403536
0.0409059
0.0407558
0.0402837
0.039883
0.0396089
0.0392146
0.0385076
0.0376118
0.036841
0.0363308
0.0358448
0.0349831
0.0335849
0.0319178
0.0304744
0.0295973
0.0292943
0.0293734
0.0297011
0.0303115
0.0312982
0.0326545
0.0342387
0.0358652
0.0373792
0.0386231
0.0393597
0.0392995
0.0382809
0.0364659
0.0343299
0.032374
0.0307726
0.0293144
0.0277598
0.0262692
0.0253683
0.0253686
0.0258857
0.0261901
0.0262125
0.0270015
0.029674
0.0335656
0.035637
0.032395
0.0230219
0.0107464
0.000809903
-0.00337203
-0.00243776
0.000150372
0.00132756
0.000552775
-0.000730113
-0.00112625
-0.000575032
5.11139e-05
0.000109809
-0.000257149
-0.000522618
-0.000420051
-0.000117645
8.86946e-05
9.43999e-05
5.31182e-06
-4.55124e-05
-2.78044e-05
8.72463e-06
2.03742e-05
8.22632e-06
-4.65869e-06
-5.93016e-06
-2.68736e-07
3.59882e-06
3.05677e-06
7.86368e-07
-4.84213e-07
-4.10207e-07
3.59409e-08
1.89145e-07
7.86644e-08
-3.6774e-08
-5.12258e-08
-1.41193e-08
-nan
-nan
-nan
-nan
-nan
-nan
-nan
-nan
-nan
-nan
-nan
-nan
-nan
-nan
-nan
-nan
-nan
-nan
-nan
-nan
-nan
-nan
-nan
-nan
-nan
-nan
-nan
-nan
-nan
-nan
-nan
-nan
-nan
-nan
-nan
-nan
-nan
-nan
-nan
-nan
-nan
-nan
-nan
-nan
-nan
-nan
-nan
-nan
-nan
-nan
-nan
-nan
-nan
-nan
-nan
-nan
-nan
-nan
-nan
-nan
-nan
-nan
-nan
-nan
-nan
-nan
-nan
-nan
-nan
-nan
-nan
-nan
-nan
-nan
-nan
-nan
-nan
-nan
-nan
-nan
-nan
-nan
-nan
-nan
-nan
-nan
-nan
-nan
-nan
-nan
-nan
-nan
-nan
-nan
-nan
-nan
-nan
8.5774e+253
1.02948e+254
7.0047e+253
1.46588e+253
-1.32973e+253
1.21745e+253
6.78317e+253
1.03138e+254
8.76064e+253
3.62142e+253
-9.88128e+252
-2.34983e+253
-1.07741e+253
4.66448e+252
8.81409e+252
5.32593e+252
1.89537e+252
-2.0738e+252
-1.00794e+253
-1.56588e+253
-3.56279e+252
3.21503e+253
7.45423e+253
9.43026e+253
7.63636e+253
3.444e+253
-2.46442e+252
-1.65944e+253
-1.25765e+253
-3.85934e+252
6.54332e+252
2.76152e+253
6.36675e+253
1.00756e+254
1.13594e+254
8.72407e+253
3.23856e+253
-1.98868e+253
-3.88734e+253
-1.41813e+253
3.82557e+253
8.63874e+253
1.01641e+254
7.64493e+253
2.87049e+253
-1.09513e+253
-2.12584e+253
-5.48448e+252
1.31218e+253
1.27204e+253
-6.80107e+252
-2.29118e+253
-1.09295e+253
3.17031e+253
7.97784e+253
9.97948e+253
7.78629e+253
3.09097e+253
-8.68873e+252
-2.01731e+253
-8.31534e+252
6.45547e+252
9.18944e+252
1.63557e+252
-4.77795e+252
-3.48659e+252
1.34082e+252
2.10115e+252
-2.0069e+252
-4.2096e+252
4.2359e+251
6.97744e+252
4.9931e+252
-7.87363e+252
-1.81917e+253
-6.59887e+252
3.17557e+253
7.70226e+253
9.80253e+253
7.88661e+253
3.33754e+253
-7.05127e+252
-2.03161e+253
-9.39006e+252
5.97706e+252
1.00739e+253
3.12774e+252
-4.40018e+252
-5.07649e+252
-6.23448e+251
2.78253e+252
2.04548e+252
-8.24351e+251
-2.39648e+252
-1.63997e+252
-5.19303e+250
7.03322e+251
4.04196e+251
-1.38292e+251
-2.88935e+251
-9.28315e+250
9.5902e+250
1.02363e+251
1.0675e+250
-4.43183e+250
-3.03185e+250
4.4508e+249
1.80575e+250
1.00978e+250
-5.72058e+248
-3.5304e+249
-1.21342e+249
8.73227e+248
9.13329e+248
1.14093e+248
-2.93628e+248
-1.96808e+248
2.78395e+246
7.22762e+247
3.89782e+247
-3.1579e+246
-1.53639e+247
-8.8529e+246
-3.52582e+246
1.8879e+175
-1.52952e+174
-7.44143e+174
-4.28787e+174
-1.70772e+174
-2.12463e-05
-7.87705e-06
2.44043e-05
3.88988e-05
6.18857e-06
-5.12615e-05
-6.71126e-05
-6.84966e-07
0.000102591
0.000139342
5.22033e-05
-9.93301e-05
-0.000187386
-0.000139312
-4.06402e-06
0.000105556
0.000118718
4.05184e-05
-9.7982e-05
-0.000272511
-0.000417308
-0.000372454
5.06396e-05
0.000896551
0.00195441
0.00285092
0.00329333
0.00325988
0.00299552
0.00285057
0.00309505
0.0037953
0.00477266
0.0056673
0.00612904
0.00605915
0.00571349
0.0055361
0.00583399
0.00657836
0.00749653
0.00831593
0.0088905
0.00914045
0.00900231
0.00855261
0.00815934
0.00835355
0.00938822
0.0108889
0.0120425
0.012261
0.0117188
0.0112163
0.0114751
0.012536
0.0138053
0.0146338
0.0148284
0.0146615
0.0145008
0.0144951
0.0145705
0.0146121
0.0145862
0.0145232
0.0144584
0.0144053
0.0143415
0.0141936
0.0138835
0.013464
0.0132127
0.0135048
0.014485
0.0158372
0.0169442
0.0173773
0.0172879
0.017306
0.0179853
0.0192763
0.0205168
0.0209806
0.0205206
0.0197353
0.0194895
0.0201947
0.02149
0.0226162
0.0231367
0.0233306
0.0238885
0.0252209
0.02705
0.0286509
0.029464
0.029485
0.0291344
0.0288448
0.0287944
0.0289412
0.0291762
0.0293842
0.0294377
0.0292683
0.0290123
0.0290407
0.0297496
0.0312543
0.0332763
0.0353308
0.0370147
0.0381266
0.0385862
0.0383683
0.0376027
0.0366975
0.0362169
0.0365057
0.0374118
0.0384518
0.0393048
0.0401155
0.0412469
0.0427396
0.0441123
0.0447938
0.0447598
0.0446643
0.045277
0.0467944
0.048735
0.0504955
0.0519497
0.0534827
0.0555074
0.0580424
0.0607648
0.0633612
0.0657097
0.0677305
0.0692027
0.069877
0.0697938
0.0693955
0.0692154
0.0694099
0.069612
0.0692767
0.0682018
0.0667572
0.0656401
0.0653776
0.065954
0.0668039
0.0671651
0.0665925
0.0653279
0.0642474
0.064334
0.0659753
0.0686129
0.0710822
0.0724443
0.0726681
0.0725981
0.0732218
0.0748447
0.0768499
0.0782187
0.0783546
0.0775266
0.0765936
0.0762607
0.0764771
0.0764479
0.0752392
0.0724921
0.0686807
0.0647284
0.0613326
0.0585916
0.0562331
0.0541552
0.0526803
0.0522308
0.0527809
0.053726
0.0543989
0.0547464
0.055448
0.0572937
0.0603997
0.064025
0.0671594
0.0693066
0.0707373
0.0720395
0.0734613
0.0746681
0.0750729
0.0743467
0.0726101
0.0701925
0.0672938
0.0639496
0.0603267
0.0569748
0.0546664
0.0538946
0.0545084
0.0558815
0.0574829
0.0592822
0.061575
0.0644202
0.0673164
0.0695284
0.0708051
0.0717691
0.0735068
0.0766223
0.0805779
0.0839672
0.0855758
0.0853469
0.0843835
0.0839334
0.0842442
0.0843536
0.0830439
0.0800801
0.0765348
0.0738638
0.0726129
0.0720075
0.0708023
0.0685321
0.0659507
0.0642824
0.0640609
0.0646687
0.0649614
0.0643632
0.0634545
0.063565
0.0657143
0.0697379
0.0742816
0.0776876
0.0790992
0.0788974
0.0781059
0.0772984
0.0760336
0.0733738
0.0689984
0.063814
0.0594476
0.0571002
0.05681
0.0576723
0.0586088
0.058906
0.058242
0.0565583
0.0541462
0.0517813
0.05046
0.0507044
0.0520549
0.0533893
0.0539424
0.0540878
0.0550319
0.0575807
0.061124
0.063904
0.0644706
0.0630442
0.0614897
0.0618304
0.0645916
0.0684394
0.0714003
0.0725104
0.0724176
0.0724985
0.0734177
0.0744786
0.074276
0.0719628
0.067986
0.0637467
0.0606132
0.0591614
0.0591468
0.0599939
0.0612397
0.0626122
0.0639096
0.0650002
0.0659935
0.0673039
0.0694012
0.0724392
0.0761728
0.0802789
0.0847073
0.0896182
0.0949642
0.100269
0.10498
0.109066
0.113106
0.117634
0.122348
0.126105
0.12784
0.127521
0.12616
0.124845
0.123805
0.122455
0.120297
0.117623
0.115241
0.113517
0.111833
0.109091
0.104804
0.0996769
0.0951329
0.0922688
0.0912402
0.0915308
0.0926742
0.09466
0.0977247
0.101898
0.106826
0.111968
0.116806
0.120775
0.12307
0.122782
0.119489
0.11383
0.107324
0.101379
0.0963082
0.0914482
0.0863744
0.0819109
0.0795662
0.0797581
0.0809439
0.0812341
0.0811896
0.0843138
0.0933941
0.10549
0.111146
0.100402
0.0714252
0.0338845
0.00309645
-0.0106519
-0.00857892
-0.000521899
0.00393995
0.00217215
-0.00203636
-0.00401691
-0.00270625
-0.000452521
0.000276324
-0.000711787
-0.00183537
-0.00179735
-0.000756939
0.000241673
0.000499171
0.000173625
-0.00016681
-0.000199256
-2.64458e-05
0.000101998
8.54614e-05
-nan
-nan
-nan
-nan
-nan
-nan
-nan
-nan
-nan
-nan
-nan
-nan
-nan
-nan
-nan
-nan
-nan
-nan
-nan
-nan
-nan
-nan
-nan
-nan
-nan
-nan
-nan
-nan
-nan
-nan
-nan
-nan
-nan
-nan
-nan
-nan
-nan
-nan
-nan
-nan
-nan
-nan
-nan
-nan
-nan
-nan
-nan
-nan
-nan
-nan
-nan
-nan
-nan
-nan
-nan
-nan
-nan
-nan
-nan
-nan
-nan
-nan
-nan
-nan
-nan
-nan
-nan
-nan
-nan
-nan
-nan
-nan
-nan
-nan
-nan
-nan
-nan
-nan
-nan
-nan
-nan
-nan
-nan
-nan
-nan
-nan
-nan
-nan
-nan
-nan
-nan
-nan
-nan
-nan
-nan
-nan
-nan
-nan
-nan
-nan
-nan
-nan
-nan
-nan
-nan
-nan
-nan
-nan
-nan
-nan
-nan
-nan
-nan
-nan
-nan
-nan
-nan
-nan
-nan
-nan
-nan
-nan
-nan
-nan
-nan
-nan
2.98132e+253
9.2521e+252
-1.72753e+253
-4.39687e+253
-4.91302e+253
-1.41385e+251
1.0846e+254
2.28163e+254
2.83356e+254
2.34766e+254
1.15754e+254
2.35535e+252
-5.17721e+253
-4.86526e+253
-1.94452e+253
2.29863e+253
9.45429e+253
2.03225e+254
3.12126e+254
3.51065e+254
2.73305e+254
1.04972e+254
-6.08846e+253
-1.24481e+254
-4.76458e+253
1.19838e+254
2.72905e+254
3.19265e+254
2.3762e+254
8.79197e+253
-3.35819e+253
-6.38134e+253
-1.59435e+253
3.83884e+253
3.49406e+253
-2.39186e+253
-6.95152e+253
-2.95041e+253
1.01263e+254
2.4658e+254
3.07332e+254
2.42417e+254
1.00735e+254
-2.2504e+253
-6.33762e+253
-3.14173e+253
1.51516e+253
2.91796e+253
1.0322e+253
-1.04961e+253
-1.17619e+253
-1.17226e+252
1.80598e+252
-5.99027e+252
-8.33331e+252
5.47445e+252
2.03053e+253
9.09852e+252
-2.97821e+253
-5.50916e+253
-1.35703e+253
1.0396e+254
2.38068e+254
3.0002e+254
2.44645e+254
1.09801e+254
-1.52868e+253
-6.31287e+253
-3.54173e+253
1.34941e+253
3.29103e+253
1.55074e+253
-1.05488e+253
-1.82523e+253
-6.37149e+252
7.28103e+252
8.60078e+252
-3.67019e+251
-8.21682e+252
-7.90793e+252
-2.07289e+252
2.54972e+252
2.69514e+252
2.71561e+251
-1.35895e+252
-1.01848e+252
1.2628e+251
6.55642e+251
3.43181e+251
-1.46998e+251
-2.77617e+251
-8.83587e+250
1.01525e+251
1.19617e+251
3.15439e+250
-3.33586e+250
-3.14625e+250
-1.24624e+249
1.40927e+250
8.37469e+249
-1.84452e+249
-4.83993e+249
-1.8784e+249
1.07977e+249
1.41365e+249
3.28258e+248
-4.13173e+248
-3.81458e+248
-7.18534e+247
8.55115e+247
5.92983e+247
-5.39979e+246
-2.51357e+247
-1.08089e+247
3.46416e+246
5.62243e+246
1.82137e+246
-8.7529e+245
-1.07139e+246
-3.31742e+245
1.37008e+245
1.87284e+245
8.69495e+244
2.59719e+244
-1.60678e+173
6.63592e+172
9.07103e+172
4.21137e+172
1.25794e+172
0.000270763
0.000381535
0.000179653
-0.000296554
-0.000920518
-0.00138954
-0.0011864
0.000194623
0.00282166
0.0060719
0.00886854
0.0103117
0.0102501
0.00938494
0.00886211
0.00962662
0.0118951
0.0150065
0.0177601
0.019123
0.0189077
0.0179229
0.0174254
0.0182754
0.0204653
0.02332
0.0260288
0.0279646
0.0286956
0.0280662
0.026548
0.0254319
0.0262447
0.0295261
0.0340465
0.0374742
0.0381933
0.0367075
0.0352643
0.0359673
0.0390783
0.0429912
0.0457344
0.0465088
0.0459697
0.0453061
0.0451911
0.0454974
0.0457475
0.0456658
0.0453491
0.0450669
0.0449601
0.0448685
0.0444077
0.043319
0.0419088
0.0411616
0.0421975
0.0453211
0.0494809
0.0528328
0.0541589
0.0539582
0.0541162
0.0562688
0.0602422
0.0640279
0.0654418
0.0640662
0.061727
0.0610193
0.0631577
0.06707
0.0705303
0.072256
0.0730221
0.0748057
0.0788377
0.0844024
0.0894179
0.0921254
0.0923108
0.0911398
0.09005
0.0898135
0.0903848
0.0912776
0.091939
0.0919625
0.0913105
0.0905477
0.0907688
0.0930302
0.0976241
0.103813
0.110253
0.115681
0.119279
0.120646
0.119777
0.117303
0.114603
0.113287
0.114195
0.116822
0.119893
0.122628
0.125411
0.129075
0.133576
0.137581
0.139629
0.139733
0.139678
0.141577
0.146073
0.151977
0.157618
0.162458
0.167371
0.17353
0.181223
0.189732
0.198085
0.20563
0.2119
0.216294
0.218293
0.218137
0.217057
0.216513
0.216981
0.217482
0.216436
0.213144
0.208621
0.205019
0.204104
0.205917
0.208637
0.209759
0.207867
0.203823
0.200468
0.200845
0.206043
0.214256
0.221909
0.226173
0.226972
0.226861
0.228844
0.23388
0.240111
0.244404
0.244876
0.242326
0.239422
0.238374
0.239017
0.238857
0.235003
0.226391
0.214514
0.202173
0.191451
0.18268
0.17517
0.16873
0.164292
0.162961
0.164548
0.1673
0.16937
0.170651
0.173078
0.178902
0.188488
0.199726
0.209628
0.216586
0.221246
0.225311
0.229616
0.23328
0.234577
0.232439
0.227102
0.219485
0.210229
0.199587
0.188214
0.177825
0.170685
0.168199
0.169919
0.174063
0.179109
0.184918
0.192238
0.201126
0.21006
0.216893
0.220949
0.224154
0.229789
0.239622
0.251936
0.262417
0.267417
0.26684
0.264034
0.262687
0.263466
0.263513
0.259301
0.250195
0.239334
0.230969
0.226765
0.22457
0.220762
0.213854
0.205932
0.200643
0.199758
0.201565
0.20255
0.200795
0.198007
0.198373
0.205144
0.217778
0.23197
0.242577
0.247057
0.246626
0.244301
0.241685
0.237473
0.229029
0.215512
0.199549
0.185885
0.178223
0.177011
0.17975
0.182996
0.184118
0.181847
0.176182
0.168446
0.161246
0.157459
0.158343
0.162356
0.16625
0.167961
0.168713
0.172006
0.180052
0.1909
0.199323
0.201085
0.196905
0.192344
0.193442
0.201841
0.21365
0.222956
0.226703
0.226633
0.226826
0.229432
0.232538
0.231926
0.224871
0.212538
0.199167
0.18911
0.184381
0.184362
0.187193
0.19121
0.195405
0.199214
0.202473
0.205687
0.210034
0.216699
0.226044
0.237516
0.250421
0.264632
0.280322
0.297026
0.313331
0.327914
0.340921
0.353965
0.368277
0.382767
0.394187
0.399617
0.398972
0.395002
0.390749
0.387038
0.38249
0.375826
0.367765
0.360397
0.354695
0.34899
0.340243
0.327009
0.311201
0.296946
0.28769
0.284231
0.285213
0.289109
0.295582
0.305156
0.317998
0.333285
0.349528
0.365033
0.377719
0.384803
0.383506
0.372928
0.355441
0.335686
0.317431
0.301166
0.285127
0.268952
0.255764
0.249581
0.250341
0.252762
0.252165
0.252015
0.263453
0.293435
0.330967
0.346771
0.311838
0.221945
0.106387
0.0107606
-0.0336802
-0.0291693
-0.00425574
0.0113681
0.00752929
-0.00576759
-0.0136322
-0.0108317
-nan
-nan
-nan
-nan
-nan
-nan
-nan
-nan
-nan
-nan
-nan
-nan
-nan
-nan
-nan
-nan
-nan
-nan
-nan
-nan
-nan
-nan
-nan
-nan
-nan
-nan
-nan
-nan
-nan
-nan
-nan
-nan
-nan
-nan
-nan
-nan
-nan
-nan
-nan
-nan
-nan
-nan
-nan
-nan
-nan
-nan
-nan
-nan
-nan
-nan
-nan
-nan
-nan
-nan
-nan
-nan
-nan
-nan
-nan
-nan
-nan
-nan
-nan
-nan
-nan
-nan
-nan
-nan
-nan
-nan
-nan
-nan
-nan
-nan
-nan
-nan
-nan
-nan
-nan
-nan
-nan
-nan
-nan
-nan
-nan
-nan
-nan
-nan
-nan
-nan
-nan
-nan
-nan
-nan
-nan
-nan
-nan
-nan
-nan
-nan
-nan
-nan
-nan
-nan
-nan
-nan
-nan
-nan
-nan
-nan
-nan
-nan
-nan
-nan
-nan
-nan
-nan
-nan
-nan
-nan
-nan
-nan
-nan
-nan
-nan
-nan
-nan
-nan
-nan
-nan
-nan
-nan
-nan
-nan
-nan
-nan
-nan
-nan
-nan
-nan
-nan
-nan
-nan
-nan
-nan
-nan
-nan
-nan
-nan
-nan
-nan
-nan
-nan
-nan
-nan
7.2603e+253
3.1334e+254
6.49856e+254
9.74992e+254
1.08877e+255
8.51427e+254
3.33367e+254
-1.86157e+254
-3.92737e+254
-1.55966e+254
3.72719e+254
8.57603e+254
1.00219e+255
7.41679e+254
2.71791e+254
-1.03506e+254
-1.93678e+254
-4.76702e+253
1.12352e+254
9.61373e+253
-8.1565e+253
-2.11308e+254
-8.00295e+253
3.21696e+254
7.63345e+254
9.49215e+254
7.55705e+254
3.2539e+254
-5.85805e+253
-1.98854e+254
-1.12392e+254
3.33807e+253
9.15267e+253
4.64386e+253
-1.96267e+253
-3.8642e+253
-1.93698e+253
-8.50748e+252
-1.75602e+253
-1.18142e+253
2.81176e+253
5.78027e+253
1.01531e+253
-1.05957e+254
-1.66544e+254
-2.44203e+253
3.36277e+254
7.37888e+254
9.23235e+254
7.60502e+254
3.55799e+254
-3.16027e+253
-1.95007e+254
-1.23972e+254
2.87508e+253
1.03773e+254
6.14019e+253
-2.30046e+253
-6.00263e+253
-3.07632e+253
1.63498e+253
2.99447e+253
4.9674e+252
-2.52855e+253
-3.11012e+253
-1.31574e+253
6.79564e+252
1.20385e+253
4.25193e+252
-4.29044e+252
-5.50491e+252
-1.17503e+252
2.51078e+252
2.4049e+252
1.33895e+251
-1.31414e+252
-9.27401e+251
1.8714e+251
7.06999e+251
4.11743e+251
-8.28494e+250
-2.54201e+251
-1.08675e+251
6.63643e+250
9.59669e+250
2.3623e+250
-3.46132e+250
-3.26059e+250
-2.25908e+249
1.46437e+250
9.72852e+249
-1.33433e+249
-5.49449e+249
-2.76764e+249
7.19091e+248
1.52129e+249
4.84149e+248
-4.02743e+248
-4.27747e+248
-6.18349e+247
1.45878e+248
1.05524e+248
-1.4176e+246
-4.2835e+247
-2.28493e+247
3.96806e+246
1.08272e+247
4.64483e+246
-1.05602e+246
-1.9015e+246
-4.70876e+245
4.56446e+245
4.01124e+245
5.31769e+244
-1.05872e+245
-7.40663e+244
-6.85424e+243
1.88345e+244
1.25935e+244
1.84562e+243
-2.42442e+243
-2.0595e+243
-8.00608e+242
-1.91314e+242
8.93918e+170
-1.17426e+171
-9.97511e+170
-3.87772e+170
-9.26622e+169
0.0300393
0.0372655
0.0470682
0.055596
0.0597473
0.0591236
0.0562196
0.0547138
0.0571595
0.0637424
0.0726914
0.0814974
0.0878198
0.0899566
0.0875501
0.0825739
0.079342
0.0823301
0.0926912
0.106457
0.116781
0.119092
0.114897
0.110687
0.112687
0.121963
0.134028
0.142895
0.145698
0.144047
0.141664
0.141049
0.142072
0.143077
0.142864
0.141674
0.140617
0.140355
0.140261
0.138836
0.135197
0.13056
0.12827
0.131779
0.141722
0.154605
0.1648
0.168824
0.168382
0.169189
0.176043
0.188279
0.199808
0.204123
0.200047
0.193087
0.191008
0.197461
0.209326
0.220037
0.225719
0.228498
0.234137
0.246412
0.263461
0.279176
0.288016
0.288867
0.285042
0.281215
0.280273
0.282285
0.285436
0.28756
0.287332
0.285002
0.282663
0.283621
0.290786
0.30491
0.323976
0.344169
0.361517
0.373031
0.377123
0.373981
0.366085
0.357955
0.354247
0.357056
0.364783
0.373992
0.382729
0.391996
0.40372
0.417385
0.429236
0.435439
0.436227
0.436612
0.442538
0.456059
0.474142
0.492078
0.507893
0.523582
0.5425
0.566014
0.592559
0.61919
0.643297
0.662887
0.676173
0.6821
0.681758
0.678758
0.677184
0.678386
0.679607
0.676216
0.665997
0.65185
0.640396
0.637318
0.642939
0.651511
0.654985
0.64886
0.636018
0.625558
0.626962
0.643396
0.669043
0.692833
0.706168
0.708898
0.708854
0.715204
0.730892
0.750255
0.763654
0.765242
0.757434
0.74846
0.745153
0.746984
0.746232
0.734007
0.707091
0.670063
0.631426
0.597515
0.569537
0.545752
0.525792
0.512329
0.50831
0.512923
0.521041
0.527439
0.53193
0.54013
0.558543
0.588256
0.623153
0.654351
0.67678
0.69193
0.704696
0.717758
0.728853
0.732972
0.726691
0.710298
0.686293
0.656764
0.622939
0.587254
0.555013
0.532879
0.524877
0.5297
0.542232
0.558095
0.576765
0.600112
0.627935
0.655526
0.676605
0.689448
0.700082
0.718364
0.749382
0.787667
0.820081
0.835704
0.834375
0.826172
0.822036
0.82388
0.823251
0.80981
0.781741
0.748305
0.722087
0.7082
0.700538
0.688422
0.667212
0.642851
0.62626
0.623056
0.628342
0.631438
0.626257
0.617878
0.619239
0.640493
0.679959
0.724249
0.757476
0.771847
0.771019
0.763982
0.755479
0.741729
0.715122
0.673259
0.623854
0.581016
0.556262
0.551751
0.560403
0.571289
0.575258
0.567685
0.548945
0.524193
0.502118
0.491191
0.49435
0.506395
0.517803
0.523064
0.526226
0.537517
0.562933
0.596229
0.621801
0.627272
0.614978
0.601562
0.605121
0.630768
0.667081
0.696276
0.708733
0.709146
0.709645
0.717059
0.726118
0.724199
0.702627
0.66439
0.622258
0.590034
0.574672
0.574694
0.584073
0.596949
0.609743
0.62097
0.6308
0.641171
0.655384
0.67644
0.705272
0.74073
0.781357
0.826744
0.87663
0.928848
0.979212
1.02452
1.06579
1.10758
1.15272
1.19747
1.23241
1.24939
1.24821
1.23649
1.22286
1.21008
1.19495
1.17421
1.1497
1.12688
1.10827
1.08925
1.06132
1.02028
0.971415
0.926779
0.897064
0.88555
0.888756
0.901832
0.922892
0.952854
0.992399
1.03983
1.09117
1.14085
1.18129
1.20299
1.19771
1.16401
1.11024
1.05015
0.993631
0.94126
0.888918
0.838044
0.799228
0.782681
0.784866
0.788797
0.783333
0.783282
0.823378
0.920897
-nan
-nan
-nan
-nan
-nan
-nan
-nan
-nan
-nan
-nan
-nan
-nan
-nan
-nan
-nan
-nan
-nan
-nan
-nan
-nan
-nan
-nan
-nan
-nan
-nan
-nan
-nan
-nan
-nan
-nan
-nan
-nan
-nan
-nan
-nan
-nan
-nan
-nan
-nan
-nan
-nan
-nan
-nan
-nan
-nan
-nan
-nan
-nan
-nan
-nan
-nan
-nan
-nan
-nan
-nan
-nan
-nan
-nan
-nan
-nan
-nan
-nan
-nan
-nan
-nan
-nan
-nan
-nan
-nan
-nan
-nan
-nan
-nan
-nan
-nan
-nan
-nan
-nan
-nan
-nan
-nan
-nan
-nan
-nan
-nan
-nan
-nan
-nan
-nan
-nan
-nan
-nan
-nan
-nan
-nan
-nan
-nan
-nan
-nan
-nan
-nan
-nan
-nan
-nan
-nan
-nan
-nan
-nan
-nan
-nan
-nan
-nan
-nan
-nan
-nan
-nan
-nan
-nan
-nan
-nan
-nan
-nan
-nan
-nan
-nan
-nan
-nan
-nan
-nan
-nan
-nan
-nan
-nan
-nan
-nan
-nan
-nan
-nan
-nan
-nan
-nan
-nan
-nan
-nan
-nan
-nan
-nan
-nan
-nan
-nan
-nan
-nan
-nan
-nan
-nan
-nan
-nan
-nan
-nan
-nan
-nan
-nan
-nan
-nan
-nan
-nan
-nan
-nan
-nan
-nan
-nan
-nan
-nan
-nan
-nan
-nan
-nan
-nan
-nan
-nan
-nan
-nan
-nan
-nan
-3.17396e+254
-5.93475e+254
-1.4847e+254
3.28059e+254
2.66055e+254
-2.71662e+254
-6.44253e+254
-2.18606e+254
1.01851e+255
2.36672e+255
2.93782e+255
2.35765e+255
1.04509e+255
-1.52369e+254
-6.24419e+254
-3.9033e+254
6.5762e+253
2.86628e+254
1.84271e+254
-2.45568e+253
-1.25973e+254
-1.0464e+254
-6.63386e+253
-5.17873e+253
2.02079e+252
1.17005e+254
1.63879e+254
-1.83687e+253
-3.65637e+254
-5.0559e+254
-2.90876e+253
1.08162e+255
2.29264e+255
2.85046e+255
2.36629e+255
1.14275e+255
-5.74042e+253
-6.00608e+254
-4.18519e+254
5.41611e+253
3.21821e+254
2.22439e+254
-4.29441e+253
-1.89368e+254
-1.22633e+254
2.95947e+253
9.55414e+253
3.05461e+253
-7.414e+253
-1.11228e+254
-6.10148e+253
1.33295e+253
4.52421e+253
2.48412e+253
-1.00232e+253
-2.28289e+253
-1.01992e+253
6.9865e+252
1.13767e+253
3.76514e+252
-4.31195e+252
-5.21827e+252
-8.22224e+251
2.82933e+252
2.69726e+252
3.77636e+251
-1.19825e+252
-9.78953e+251
3.20405e+250
5.61766e+251
3.42457e+251
-8.87165e+250
-2.42479e+251
-1.05882e+251
6.24486e+250
9.48071e+250
2.60258e+250
-3.36482e+250
-3.51263e+250
-5.67612e+249
1.31643e+250
1.02555e+250
-3.98677e+248
-5.13586e+249
-2.78907e+249
7.97999e+248
1.75787e+249
6.46985e+248
-4.25415e+248
-5.32827e+248
-1.15331e+248
1.67613e+248
1.46058e+248
1.38458e+247
-5.03245e+247
-3.1528e+247
3.99716e+246
1.49788e+247
6.46939e+246
-2.43111e+246
-3.83223e+246
-1.13982e+246
8.24428e+245
8.62997e+245
1.65122e+245
-2.16792e+245
-1.73449e+245
-2.13374e+244
4.21001e+244
2.52915e+244
-2.36553e+243
-9.86491e+243
-4.41209e+243
8.214e+242
1.82044e+243
7.40537e+242
-1.27932e+242
-2.81941e+242
-1.25013e+242
1.93853e+240
3.33622e+241
2.11663e+241
7.07692e+240
1.40925e+240
9.38922e+167
1.61589e+169
1.02518e+169
3.42768e+168
6.82567e+167
0.257164
0.247671
0.258025
0.290651
0.332869
0.364255
0.371594
0.359483
0.347059
0.352941
0.380918
0.418148
0.446427
0.4561
0.451177
0.443136
0.440549
0.443692
0.447217
0.446713
0.442683
0.439027
0.438264
0.43828
0.433824
0.421945
0.406936
0.399862
0.411453
0.44299
0.482999
0.514154
0.526378
0.525474
0.528872
0.550681
0.588414
0.623576
0.636774
0.624704
0.603955
0.597787
0.617275
0.653384
0.686639
0.705192
0.714864
0.732624
0.770165
0.822615
0.871831
0.900365
0.903672
0.891341
0.878376
0.874904
0.881657
0.892333
0.899171
0.897826
0.889859
0.882548
0.88604
0.90861
0.952262
1.01131
1.07464
1.12973
1.16628
1.17863
1.16785
1.14285
1.11817
1.10744
1.11607
1.13907
1.167
1.1948
1.2251
1.26232
1.30403
1.33947
1.35834
1.36185
1.36437
1.38294
1.42402
1.47969
1.53644
1.58753
1.63748
1.69597
1.76822
1.85097
1.93539
2.01211
2.07354
2.1141
2.13171
2.13077
2.12223
2.11779
2.12109
2.124
2.11282
2.08078
2.03652
2.00037
1.99027
2.00758
2.03433
2.04501
2.02539
1.98481
1.95216
1.95706
2.00891
2.08911
2.16323
2.20494
2.21407
2.21478
2.23517
2.28418
2.34435
2.38607
2.39133
2.3675
2.33986
2.3294
2.33445
2.33127
2.29262
2.20861
2.09311
1.97195
1.86464
1.7756
1.70048
1.6386
1.59755
1.58525
1.59873
1.62287
1.64272
1.65806
1.68537
1.7436
1.83595
1.94447
2.04269
2.1147
2.16379
2.20398
2.24376
2.27737
2.29036
2.27187
2.22148
2.14588
2.05181
1.9444
1.83239
1.73223
1.66352
1.63782
1.65129
1.69376
1.74694
1.80171
1.86362
1.95093
2.06479
2.15487
2.15883
2.1131
2.17376
2.4303
2.68949
2.55728
1.83425
0.795028
-0.00535823
-0.250726
-0.0960253
0.0812279
0.0816837
-0.0144409
-0.0590644
-0.0273206
0.0101415
0.0102066
-0.00780469
-0.0154874
-0.0111931
-0.00615596
0
