0
0
0
0
0
0
-1.65851e-07
3.72328e-07
-1.04589e-07
7.16571e-08
-8.05658e-07
5.17972e-08
1.31297e-06
1.09788e-06
-1.73344e-06
-3.6249e-06
3.83536e-07
7.09122e-06
7.78174e-06
-2.81455e-06
-1.19808e-05
-9.08717e-06
5.66293e-06
1.13676e-05
4.19165e-06
-7.78233e-06
-7.34735e-06
-1.3717e-06
-4.30964e-06
-1.30086e-05
-7.38198e-06
2.64564e-05
7.07073e-05
0.000101221
0.000104311
9.83177e-05
9.5445e-05
9.96602e-05
0.000108566
0.000121666
0.000147745
0.000180442
0.000206178
0.000205438
0.000185966
0.000170667
0.000184442
0.000222002
0.000256935
0.000273284
0.000278243
0.000288501
0.000300136
0.000294483
0.000272409
0.000262874
0.000294404
0.000357219
0.000407496
0.000410267
0.000377413
0.000352492
0.000371345
0.000419818
0.000464835
0.00047726
0.000471937
0.000470994
0.000481938
0.000487119
0.000477619
0.000467204
0.000469475
0.000483721
0.00048565
0.000474162
0.000458667
0.000458812
0.000462454
0.000454639
0.000436417
0.000434661
0.000468036
0.000525678
0.000565719
0.000572254
0.000560257
0.000564038
0.00059508
0.00063646
0.000669402
0.00068359
0.000676989
0.000654934
0.000635855
0.000650775
0.000700177
0.000754185
0.000769631
0.000757999
0.000765113
0.000823206
0.000900762
0.000951679
0.00095791
0.000948894
0.000951656
0.000958385
0.000954296
0.000944368
0.00094422
0.000961257
0.000972119
0.000966117
0.000949751
0.000948949
0.000974236
0.00102756
0.00109356
0.00116272
0.00121581
0.00124682
0.00125626
0.00125718
0.00124361
0.00121364
0.0011817
0.00118179
0.00122363
0.00127835
0.00130451
0.00130914
0.00133319
0.00139639
0.00146388
0.00148822
0.00146758
0.00145033
0.00147689
0.00154528
0.00161353
0.0016609
0.00169271
0.00173983
0.00181753
0.00191279
0.00200101
0.0020719
0.00213603
0.00220842
0.00227247
0.00230047
0.00228559
0.00225787
0.00225629
0.00227861
0.00229267
0.0022698
0.00222516
0.00218248
0.00216186
0.00215608
0.00216432
0.00218514
0.0022028
0.00219593
0.00215498
0.00211142
0.00211033
0.00216558
0.00225739
0.00233624
0.00237921
0.00238417
0.00238028
0.00239789
0.00245201
0.0025204
0.00256632
0.00256697
0.0025344
0.00250728
0.00250139
0.00250907
0.00250186
0.00246318
0.00238204
0.00226241
0.0021266
0.00200726
0.0019266
0.0018655
0.00180187
0.00173593
0.00170726
0.00173593
0.00178835
0.00181338
0.00180355
0.00181061
0.00187862
0.00199798
0.00211736
0.00220139
0.00226207
0.00231279
0.00236438
0.00240833
0.00244078
0.00245577
0.00243897
0.00237999
0.00229326
0.00219837
0.00210357
0.00199478
0.0018785
0.00178883
0.00176561
0.00180201
0.00185788
0.00190161
0.00194502
0.00201855
0.00212126
0.00222241
0.00228925
0.00232282
0.00235359
0.00241136
0.0025113
0.00263278
0.00274345
0.00280423
0.00280023
0.0027599
0.00273286
0.00274495
0.0027673
0.00273813
0.00263223
0.00249557
0.00240513
0.0023838
0.00238614
0.00234248
0.0022477
0.00215392
0.00211375
0.00212542
0.00214316
0.00213434
0.00210742
0.00208816
0.00210489
0.00216803
0.00228048
0.00242546
0.00255252
0.00261229
0.00259075
0.00254143
0.0025128
0.00249931
0.0024303
0.00227197
0.00207322
0.00192912
0.00188286
0.00189519
0.00190987
0.00191255
0.00191678
0.00191943
0.0018832
0.00180036
0.0017048
0.00165535
0.00166942
0.00172141
0.00176616
0.00178207
0.00178284
0.00180656
0.00188373
0.0020004
0.00210445
0.00213013
0.00207491
0.00200566
0.00201036
0.00211569
0.00225895
0.00235128
0.00236769
0.00235213
0.002368
0.0024157
0.00245215
0.00243202
0.00235032
0.00222995
0.00209921
0.00199459
0.00194406
0.00195169
0.00198468
0.00201705
0.00205074
0.00209968
0.00215657
0.00219235
0.00221549
0.00226573
0.00237553
0.00252214
0.0026578
0.0027769
0.00291524
0.00309687
0.00329313
0.00345566
0.00357187
0.00368267
0.00382555
0.0039985
0.00413601
0.00419122
0.00416055
0.00410344
0.0040685
0.00405678
0.00402558
0.00394696
0.00384206
0.0037611
0.00372233
0.00368674
0.0035995
0.00344718
0.00326786
0.00312692
0.00304778
0.00302244
0.00302488
0.00304712
0.00310607
0.00321195
0.00335653
0.00351791
0.00367618
0.00382526
0.00395313
0.00403011
0.00402558
0.0039215
0.00373928
0.00352103
0.00331282
0.00313547
0.00299363
0.00286209
0.00272406
0.00260178
0.00255061
0.00260883
0.00271611
0.00277576
0.00280299
0.00296419
0.0033419
0.00366395
0.00343271
0.0024278
0.00103567
-1.29729e-05
-0.000329406
-0.000123309
0.000105636
0.000105803
-1.96628e-05
-7.68799e-05
-3.51265e-05
1.33504e-05
1.33345e-05
-1.14286e-05
-2.04656e-05
-1.50908e-05
-8.09274e-06
0
